    0,
    0,
    0,
    0,
    0,
    0,
    0,
    0,
    0,
    0,
    0.012890625,
    0,
    0,
    0,
    0,
    0,
    0,
    0,
    0,
    0,
    0,
    0,
    0,
    0,
    0,
    0,
    0,
    0,
    0,
    0,
    0,
    0,
    0,
    0,
    0,
    0,
    0,
    0,
    0,
    0,
    0,
    0,
    0,
    0.01494140625,
    0,
    0,
    0,
    0.01513671875,
    0.01474609375,
    0.01279296875,
    0.0115234375,
    0.01708984375,
    0.015625,
    0.0142578125,
    0.0126953125,
    0.0166015625,
    0.014453125,
    0.01806640625,
    0,
    0,
    0,
    0,
    0,
    0,
    0,
    0.01591796875,
    0.015625,
    0.01591796875,
    0.01630859375,
    0.0140625,
    0.0171875,
    0.01298828125,
    0.01513671875,
    0.01474609375,
    0.0171875,
    0.015625,
    0.015234375,
    0.0154296875,
    0.016796875,
    0.01396484375,
    0.01650390625,
    0.01591796875,
    0.015625,
    0.0134765625,
    0.01572265625,
    0.0142578125,
    0.01865234375,
    0.0158203125,
    0.0146484375,
    0.01611328125,
    0.0154296875,
    0,
    0,
    0,
    0,
    0,
    0,
    0.01416015625,
    0.01591796875,
    0.0142578125,
    0.01552734375,
    0.0154296875,
    0.01552734375,
    0.01630859375,
    0.0158203125,
    0.01572265625,
    0.0158203125,
    0.01806640625,
    0.0138671875,
    0.0154296875,
    0.01669921875,
    0.01591796875,
    0.0142578125,
    0.01611328125,
    0.0150390625,
    0.01552734375,
    0.0169921875,
    0.016015625,
    0.0162109375,
    0.01484375,
    0.01591796875,
    0.013671875,
    0.0158203125,
    0,
    0,
    0,
    0,
    0,
    0,
    0,
    0,
    0,
    0,
    0,
    0,
    0,
    0,
    0,
    0,
    0,
    0,
    0,
    0,
    0,
    0,
    0,
    0,
    0,
    0,
    0,
    0,
    0,
    0,
    0,
    0,
    0,
    0,
    0,
    0,
    0,
    0,
    0,
    0,
    0,
    0,
    0,
    0,
    0,
    0,
    0,
    0,
    0,
    0,
    0,
    0,
    0,
    0,
    0,
    0,
    0,
    0,
    0,
    0,
    0,
    0,
    0,
    0,
    0,
    0,
    0,
    0,
    0,
    0,
    0,
    0,
    0,
    0,
    0,
    0,
    0,
    0,
    0,
    0,
    0,
    0,
    0,
    0,
    0,
    0,
    0,
    0,
    0,
    0,
    0,
    0,
    0,
    0,
    0,
    0,
    0,
    0,
    0,
    0,
    0,
    0,
    0,
    0,
    0,
    0,
    0,
    0,
    0,
    0,
    0,
    0,
    0,
    0,
    0,
    0,
    0,
    0,
    0,
    0,
    0,
    0,
    0,
    0,
    0,
    0,
    0,
    0,
    0,
    0,
    0,
    0,
    0
