    0,
    0,
    0,
    0,
    0,
    0,
    0,
    0,
    0,
    0,
    0,
    0,
    0,
    0,
    0,
    0,
    0,
    0,
    0,
    0,
    0,
    0,
    0,
    0,
    0,
    0,
    0,
    0,
    0,
    0,
    0,
    0,
    0,
    0,
    0,
    0,
    0,
    0,
    0,
    0,
    0,
    0,
    0,
    0,
    0,
    0,
    0,
    0,
    0,
    0,
    0,
    0,
    0,
    0,
    0,
    0,
    0,
    0,
    0,
    0,
    0,
    0,
    0,
    0,
    0,
    0,
    0,
    0,
    0,
    0,
    0,
    0,
    0,
    0,
    0,
    0,
    0,
    0,
    0,
    0,
    0,
    0,
    0,
    0,
    0,
    0,
    0,
    0,
    0,
    0,
    0,
    0,
    0,
    0,
    0,
    0,
    0,
    0,
    0,
    0,
    0,
    0,
    0,
    0,
    0,
    0,
    0,
    0,
    0,
    0,
    0,
    0,
    0,
    0,
    0,
    0,
    0,
    0,
    0,
    0,
    0,
    0,
    0,
    0,
    0,
    0,
    0,
    0,
    0.0078125,
    0.00869140625,
    0.0099609375,
    0.00703125,
    0.008984375,
    0.00888671875,
    0.00888671875,
    0.00966796875,
    0.007421875,
    0.00771484375,
    0.00810546875,
    0.0078125,
    0.0072265625,
    0.008984375,
    0.007421875,
    0.008203125,
    0.00712890625,
    0.0078125,
    0.00751953125,
    0.00927734375,
    0.00751953125,
    0.0091796875,
    0.0095703125,
    0.00791015625,
    0.00751953125,
    0.0095703125,
    0.01044921875,
    0.010546875,
    0.00830078125,
    0.00830078125,
    0.0072265625,
    0.0087890625,
    0.0076171875,
    0.00751953125,
    0.007421875,
    0.0068359375,
    0.0087890625,
    0.0083984375,
    0.00830078125,
    0.00810546875,
    0.008203125,
    0.00966796875,
    0.00771484375,
    0.00751953125,
    0.00810546875,
    0.00927734375,
    0.00869140625,
    0.0087890625,
    0.00869140625,
    0.0068359375,
    0.0076171875,
    0.008984375,
    0.00810546875,
    0.00830078125,
    0.00751953125,
    0.0072265625,
    0.00869140625,
    0.00732421875,
    0.00830078125,
    0.00810546875,
    0.0083984375,
    0.00791015625,
    0.00869140625,
    0.00810546875,
    0,
    0,
    0.01337890625,
    0.0142578125,
    0.0130859375,
    0.01201171875,
    0.012890625,
    0.0107421875,
    0.01484375,
    0.0130859375,
    0.0119140625,
    0.01416015625,
    0.01376953125,
    0.01513671875,
    0.014453125,
    0.01552734375,
    0.0125,
    0.01533203125,
    0.01533203125,
    0.01572265625,
    0.0166015625,
    0.01513671875,
    0.012890625,
    0.0142578125,
    0.01328125,
    0.0130859375,
    0.0125,
    0.0154296875,
    0.01259765625,
    0.0142578125,
    0.01396484375,
    0.01357421875,
    0.00107421875,
    0.0046875,
    0.00234375,
    0.002734375,
    0.00341796875,
    0.003515625,
    0.002734375,
    0.00322265625,
    0.00400390625,
    0.0048828125,
    0.00390625,
    0.0029296875,
    0.00302734375,
    0.0015625,
    0.00322265625,
    0.0044921875,
    0.000390625,
    0.001171875,
    0.0009765625,
    0.00048828125,
    0.00029296875,
    0,
    0,
    0,
    0,
    0,
    0,
    0,
    0,
    0,
    0,
    0
