    0.00283203125,
    0.00439453125,
    0.0048828125,
    0.0046875,
    0.00419921875,
    0.00234375,
    0.00322265625,
    0.0037109375,
    0.0033203125,
    0.00478515625,
    0.00341796875,
    0.00380859375,
    0.002734375,
    0.0029296875,
    0.00341796875,
    0.00400390625,
    0.00380859375,
    0.00263671875,
    0.0044921875,
    0.00390625,
    0.0046875,
    0.003515625,
    0.00380859375,
    0.00439453125,
    0.0033203125,
    0.003125,
    0.00361328125,
    0.004296875,
    0.00390625,
    0.005078125,
    0.0048828125,
    0.00390625,
    0.0037109375,
    0.005078125,
    0.00380859375,
    0.003515625,
    0.0041015625,
    0.00419921875,
    0.00390625,
    0.00517578125,
    0.00302734375,
    0.003515625,
    0.0046875,
    0.00380859375,
    0.00341796875,
    0.00380859375,
    0.0033203125,
    0.00380859375,
    0.00498046875,
    0.004296875,
    0.00322265625,
    0.00390625,
    0.002734375,
    0.0046875,
    0.00390625,
    0.0044921875,
    0.00390625,
    0.00380859375,
    0.0048828125,
    0.00322265625,
    0.00302734375,
    0.0044921875,
    0.00341796875,
    0.0041015625,
    0.0033203125,
    0.0037109375,
    0.0044921875,
    0.0033203125,
    0.00263671875,
    0.00380859375,
    0.0046875,
    0.00390625,
    0.00283203125,
    0.00478515625,
    0.00400390625,
    0.0052734375,
    0.0025390625,
    0.003515625,
    0.00419921875,
    0.004296875,
    0.00361328125,
    0.0037109375,
    0.003515625,
    0.0048828125,
    0.0046875,
    0.00400390625,
    0.002734375,
    0.005078125,
    0.0048828125,
    0.0044921875,
    0.0041015625,
    0.00400390625,
    0.003515625,
    0.0033203125,
    0.00302734375,
    0.003515625,
    0.0046875,
    0.0041015625,
    0.00400390625,
    0.00341796875,
    0.0033203125,
    0.00341796875,
    0.00302734375,
    0.00458984375,
    0.00439453125,
    0.0037109375,
    0.0041015625,
    0.0052734375,
    0.002734375,
    0.00283203125,
    0.00380859375,
    0.0033203125,
    0.002734375,
    0.00419921875,
    0.00322265625,
    0.00380859375,
    0.00302734375,
    0.004296875,
    0.0044921875,
    0.00380859375,
    0.00390625,
    0.00361328125,
    0.003515625,
    0.0037109375,
    0.00380859375,
    0.00390625,
    0.003125,
    0.00302734375,
    0.0037109375,
    0.00390625,
    0.0029296875,
    0.0037109375,
    0.00390625,
    0.00400390625,
    0.00361328125,
    0.00517578125,
    0.004296875,
    0.00361328125,
    0.00361328125,
    0.004296875,
    0.00322265625,
    0.004296875,
    0.00302734375,
    0.0041015625,
    0.003515625,
    0.00380859375,
    0.0029296875,
    0.0041015625,
    0.0052734375,
    0.00419921875,
    0.00234375,
    0.004296875,
    0.0037109375,
    0.00439453125,
    0.00458984375,
    0.0046875,
    0.00400390625,
    0.00341796875,
    0.0044921875,
    0.00458984375,
    0.00380859375,
    0.003515625,
    0.004296875,
    0.00458984375,
    0.00283203125,
    0.00390625,
    0.00380859375,
    0.00263671875,
    0.0052734375,
    0.00302734375,
    0.004296875,
    0.0046875,
    0.0044921875,
    0.00390625,
    0.00390625,
    0.00390625,
    0.0046875,
    0.003515625,
    0.00302734375,
    0.00556640625,
    0.00380859375,
    0.003515625,
    0.00439453125,
    0.00361328125,
    0.00390625,
    0.0041015625,
    0.00439453125,
    0.00380859375,
    0.0041015625,
    0.00439453125,
    0.00439453125,
    0.00458984375,
    0.00322265625,
    0.004296875,
    0.003125,
    0.0037109375,
    0.0037109375,
    0.00361328125,
    0.004296875,
    0.0037109375,
    0.0046875,
    0.00458984375,
    0.00400390625,
    0.00341796875,
    0.0048828125,
    0.0029296875,
    0.0033203125,
    0.00439453125,
    0.00380859375,
    0.00380859375,
    0.00380859375,
    0.003515625,
    0.0041015625,
    0.00556640625,
    0.00390625,
    0.002734375,
    0.00439453125,
    0.00498046875,
    0.0041015625,
    0.00400390625,
    0.00390625,
    0.004296875,
    0.0037109375,
    0.0041015625,
    0.00498046875,
    0.00390625,
    0.003515625,
    0.00478515625,
    0.00361328125,
    0.0037109375,
    0.00380859375,
    0.00546875,
    0.003125,
    0.00390625,
    0.00390625,
    0.00390625,
    0.002734375,
    0.0046875,
    0.00390625,
    0.00419921875,
    0.00400390625,
    0.00322265625,
    0.00458984375,
    0.00458984375,
    0.00341796875,
    0.00361328125,
    0.0037109375,
    0.00400390625,
    0.00400390625,
    0.00419921875,
    0.0041015625,
    0.003515625,
    0.00380859375,
    0.00498046875,
    0.00302734375,
    0.0044921875
